X06 FFF OPEN 15X15 X OLBIA_Symmetrised

N = 10991
(o[k]-e[k])^2 = 0.04426614018303954 (con indice k = (b-a)/3)
chi2 = 1832.080602129139
red_chi2 = 0.1667043314039253
mean_diff_s = 3.904720741549553

N = 10991
(o[k]-e[k])^2 = 0.04426614018303954 (con indice k = (b-a)/3)
chi2 = 1563.104371634892
red_chi2 = 0.14222969714603204
mean_diff_s = 2.62854591013729
